394.00
398.00
399.00
412.00
402.00
411.00
412.00
414.00
413.00
414.00
418.00
414.00
421.00
420.00
425.00
429.00
428.00
432.00
433.00
434.00
440.00
446.00
463.00
455.00
440.00
435.00
442.00
422.00
754.00
722.00
478.00
435.00
432.00
438.00
444.00
455.00
465.00
485.00
515.00
541.00
553.00
513.00
448.00
410.00
398.00
401.00
404.00
410.00
413.00
419.00
420.00
422.00
425.00
427.00
431.00
434.00
437.00
443.00
443.00
450.00
449.00
450.00
454.00
461.00
466.00
490.00
474.00
459.00
463.00
470.00
493.00
1019.00
548.00
480.00
465.00
466.00
474.00
478.00
492.00
509.00
531.00
565.00
587.00
577.00
505.00
445.00
420.00
419.00
422.00
429.00
436.00
435.00
438.00
438.00
431.00
434.00
438.00
441.00
438.00
443.00
443.00
443.00
450.00
449.00
452.00
452.00
454.00
467.00
481.00
474.00
457.00
457.00
465.00
462.00
1019.00
582.00
480.00
458.00
455.00
464.00
471.00
485.00
497.00
523.00
553.00
577.00
583.00
512.00
447.00
417.00
413.00
416.00
419.00
425.00
427.00
428.00
429.00
430.00
427.00
429.00
430.00
430.00
433.00
435.00
434.00
441.00
441.00
442.00
442.00
447.00
453.00
475.00
461.00
443.00
447.00
453.00
473.00
1019.00
521.00
453.00
433.00
439.00
446.00
451.00
461.00
481.00
497.00
530.00
555.00
546.00
485.00
429.00
406.00
398.00
404.00
409.00
410.00
421.00
420.00
423.00
425.00
426.00
422.00
430.00
434.00
434.00
442.00
446.00
450.00
457.00
465.00
475.00
469.00
455.00
457.00
466.00
505.00
1019.00
525.00
479.00
467.00
466.00
474.00
485.00
498.00
520.00
541.00
577.00
589.00
566.00
504.00
450.00
432.00
429.00
439.00
441.00
446.00
450.00
446.00
446.00
445.00
446.00
446.00
447.00
447.00
452.00
453.00
449.00
455.00
467.00
471.00
477.00
471.00
452.00
457.00
462.00
515.00
1019.00
531.00
472.00
456.00
457.00
465.00
475.00
490.00
506.00
532.00
553.00
584.00
563.00
492.00
438.00
416.00
414.00
418.00
426.00
430.00
433.00
433.00
434.00
435.00
430.00
434.00
435.00
437.00
439.00
441.00
434.00
450.00
447.00
461.00
467.00
473.00
450.00
451.00
452.00
442.00
705.00
842.00
502.00
450.00
443.00
446.00
457.00
466.00
475.00
501.00
527.00
556.00
573.00
528.00
458.00
419.00
406.00
409.00
418.00
425.00
426.00
434.00
430.00
430.00
431.00
429.00
431.00
430.00
428.00
431.00
434.00
441.00
437.00
439.00
443.00
444.00
445.00
454.00
468.00
463.00
448.00
450.00
451.00
434.00
943.00
595.00
471.00
434.00
426.00
426.00
432.00
437.00
458.00
470.00
491.00
521.00
525.00
479.00
425.00
392.00
374.00
378.00
379.00
383.00
400.00
388.00
400.00
395.00
394.00
403.00
407.00
425.00
414.00
416.00
445.00
458.00
466.00
472.00
515.00
514.00
589.00
572.00
538.00
479.00
533.00
629.00
1013.00
572.00
521.00
513.00
526.00
524.00
529.00
526.00
531.00
546.00
578.00
584.00
542.00
490.00
431.00
442.00
430.00
458.00
449.00
455.00
434.00
439.00
448.00
426.00
438.00
423.00
436.00
412.00
420.00
426.00
413.00
435.00
437.00
438.00
429.00
421.00
418.00
426.00
419.00
637.00
832.00
480.00
431.00
419.00
429.00
430.00
442.00
458.00
469.00
494.00
525.00
